m=matrix(c(1,3,4,5,6,7,34,54, 68,45,4,45,46,90,4,7),nrow=4,byrow=T)
> m
     [,1] [,2] [,3] [,4]
[1,]    1    3    4    5
[2,]    6    7   34   54
[3,]   68   45    4   45
[4,]   46   90    4    7
> a=makeCacheMatrix(m)
> cacheSolve(a)
           [,1]        [,2]        [,3]        [,4]
[1,]  1.2648960 -0.14786111  0.04517253 -0.05324916
[2,] -0.6317187  0.07253728 -0.02274954  0.03790138
[3,]  2.2580603 -0.23181670  0.03924023 -0.07685860
[4,] -1.4803962  0.17150321 -0.02677697  0.04939589
